15
0.4048785582 0.6454055651 0.7546403125 0.8699627703 0.7873992885 0.9778058940 0.8815863223 0.2517201131 0.1021890818 0.9763074680 0.4839179737 0.3545836072 0.0875648048 0.9519194522 0.1498984120
0.8846471268 0.9816280469 0.5778145058 0.3661286328 0.5225807145 0.2192710317 0.8469110510 0.4114662723 0.6550036868 0.4786741232 0.4258300281 0.5895267093 0.4269910711 0.5488838901 0.1876057158
0.8402016793 0.8770970013 0.1043172113 0.7025996025 0.9630146256 0.6164729653 0.4925452096 0.1203876144 0.7837636066 0.3701048354 0.0684688181 0.1849603405 0.6007865259 0.7108876763 0.4410050680
0.0913969031 0.1583153640 0.4862023609 0.2376616609 0.5142431565 0.2117693787 0.7618541469 0.6378843347 0.4161451174 0.4734699789 0.5896774829 0.9778204075 0.1798591169 0.3571427224 0.5428079990
0.1871485959 0.1975802357 0.4757046512 0.7565664876 0.6828841193 0.2986010087 0.2892182269 0.1630963961 0.6155747475 0.2996326961 0.6485256790 0.7143406677 0.0400623869 0.5216916038 0.2349604122
0.6506395136 0.6659916496 0.3332736071 0.0576652877 0.2911757914 0.3325056151 0.6516097118 0.2374297053 0.3976904563 0.2470757198 0.8621165437 0.2795912471 0.8943350338 0.3301714675 0.8007253419
0.9184290923 0.6142243472 0.7154831474 0.2845938343 0.4016108795 0.7871971256 0.5696680834 0.1737751473 0.7756357059 0.1834881668 0.9160997190 0.0997389465 0.3318505007 0.1844606436 0.0738557146
0.8062094502 0.8774984183 0.5642424461 0.6561895732 0.5136060926 0.9073915909 0.4350559803 0.8119879816 0.8404422391 0.0691829040 0.6342261013 0.5392240598 0.5933582239 0.5388448635 0.8122959118
0.4511738382 0.1720349493 0.0528452688 0.6193757616 0.3341722226 0.4260547056 0.3796438508 0.6807962479 0.1999414960 0.5478460087 0.9555154459 0.5033305406 0.3060336718 0.9891701169 0.2583386592
0.0596978325 0.7946859279 0.4481764608 0.2478719552 0.5617539090 0.1833956859 0.6898750143 0.8621716246 0.8517209573 0.9297806128 0.3349438608 0.1271887729 0.9160035814 0.6887952111 0.7801103929
0.9102159612 0.2575835496 0.6821352960 0.0979150359 0.7277359291 0.2506808897 0.8076675168 0.1044866457 0.3043586191 0.1453144903 0.7309807203 0.7810291056 0.7719149310 0.0895906822 0.2216623314
0.8880386604 0.4964085714 0.3939930570 0.4236616455 0.9208423594 0.5254103980 0.2746432268 0.5821091366 0.5208679496 0.5596119775 0.4814459600 0.9882194041 0.0791256820 0.1696388513 0.5422292117
0.5494122995 0.5467034160 0.7028552108 0.8354331829 0.4435453610 0.4016461872 0.9547764073 0.3415991792 0.7741580739 0.3124117168 0.2158371169 0.7178537140 0.0078863400 0.2851642226 0.7466460875
0.2897785091 0.2457137996 0.9854885085 0.0834919597 0.6615028073 0.0564833032 0.4846769061 0.8307462786 0.9075494133 0.6841014254 0.8965621686 0.7579437879 0.7289113425 0.9291247093 0.2429394079
0.0867017476 0.5310309907 0.9009259937 0.4139405977 0.8262740886 0.1127994391 0.1383955336 0.2742955057 0.8964179483 0.5433887089 0.3051405466 0.8072331239 0.5623834693 0.8476747067 0.7794035317
0.6848483048 0.3992205689 0.3212045610 0.9794288596 0.8070780304 0.6012289735 0.6521069214 0.1917635417 0.1610026585 0.9572608402 0.5400390487 0.0029869644 0.8180075124 0.2237180011 0.1712103082

