15
1.0 -7.244687056579284E-18 -8.049329009633737E-17 0.0 -4.440892098500626E-16 0.0 0.0 0.0 1.2142425076048766E-16 -1.1341823101866971E-17 0.0 -1.3877787807814457E-17 0.0 0.0 0.0 
6.356467215434476E-17 1.0 1.2333666532957027E-16 0.0 0.0 0.0 0.0 0.0 -4.553619496150315E-17 -1.007219046185094E-17 0.0 0.0 0.0 0.0 0.0 
-4.82720160729687E-17 -5.9394267270961614E-18 1.0 0.0 0.0 0.0 0.0 0.0 -1.1606782937539727E-16 7.391941880414504E-18 0.0 0.0 0.0 0.0 0.0 
6.451117134365842E-17 3.0169199377629983E-17 2.636047473953514E-16 1.0 0.0 0.0 0.0 8.881784197001252E-16 -3.105027995578002E-16 -5.063909940766025E-18 4.440892098500626E-16 0.0 0.0 0.0 0.0 
-3.678927696715301E-16 1.2339275545585848E-16 1.8842458446673194E-15 0.0 1.0 0.0 0.0 0.0 -3.5495446920984335E-16 2.4292151157924405E-16 0.0 0.0 0.0 0.0 0.0 
-9.184770080390566E-17 1.3043850794065189E-17 5.307619848059146E-16 0.0 0.0 1.0 -6.938893903907228E-18 0.0 -2.9262238794582965E-16 4.403326083076981E-17 0.0 0.0 0.0 0.0 0.0 
1.3403992895703864E-18 -1.6098133353271812E-18 -1.2266936257091253E-17 0.0 0.0 0.0 1.0 5.551115123125783E-17 9.967824307322001E-18 -5.41358208726013E-19 0.0 0.0 0.0 0.0 0.0 
4.390177635122402E-16 -4.184213430715842E-17 -1.928622815003416E-15 0.0 0.0 0.0 0.0 1.0 7.735870011548456E-16 7.522744955496627E-17 0.0 1.1102230246251565E-16 0.0 0.0 0.0 
-1.422652403498655E-15 1.1099092531878943E-19 3.768734652256085E-15 0.0 0.0 0.0 0.0 0.0 1.0 5.082221144726017E-17 0.0 0.0 0.0 0.0 0.0 
-2.6492280205381156E-16 1.006020041108535E-16 1.5867854463989923E-15 0.0 0.0 0.0 0.0 0.0 -1.4335576452337888E-15 1.0 0.0 0.0 0.0 0.0 0.0 
6.476410341759812E-17 -1.2644680605952007E-17 -3.129947529233825E-15 0.0 0.0 0.0 0.0 0.0 1.7334384034666693E-15 2.6485267810330314E-18 1.0 0.0 0.0 0.0 0.0 
-3.49297466638967E-16 1.015650129172585E-16 2.141205884777764E-15 0.0 0.0 0.0 0.0 0.0 -1.140931172369673E-15 5.765610323695885E-17 0.0 1.0 0.0 0.0 0.0 
-2.913186116519558E-18 4.895514509968612E-17 1.0400292732608301E-15 0.0 0.0 0.0 0.0 0.0 -7.93374196765682E-16 2.1972914985871786E-17 0.0 0.0 1.0 0.0 0.0 
-8.750603638559182E-18 -7.085403868369143E-17 -6.980643883013314E-16 0.0 0.0 0.0 0.0 0.0 8.32245344265812E-16 -1.1755571664322477E-17 0.0 0.0 0.0 1.0 0.0 
-7.249081292753764E-17 1.903210438346194E-17 3.906246798728563E-16 0.0 0.0 0.0 0.0 0.0 -2.911788053239743E-16 1.6085035883403888E-17 0.0 0.0 0.0 0.0 1.0 
-1.3980883944829265 0.21069500843107528 -0.9116256172876336 0.5545965279485073 -0.8473039060898047 1.004643979198383 0.862051421939005 -0.9038356416295976 1.0841192652427334 0.937047056776268 0.35019917397099043 1.0792652712719852 1.0258386472027137 -1.1371449007023393 -0.7497971187493184 